image_width: 1280
image_height: 720
camera_name: imx219
camera_matrix:
  rows: 3
  cols: 3
  data:
  - 1214.2833827061525
  - 0.0
  - 630.1538087265739
  - 0.0
  - 1214.2051180711649
  - 354.3874127876291
  - 0.0
  - 0.0
  - 1.0
distortion_model: plumb_bob
distortion_coefficients:
  rows: 1
  cols: 5
  data:
  - -0.00832334832027682
  - 0.4378160919950396
  - -0.0010354172576403189
  - -0.0030901225835471974
  - -1.2378676289175068
rectification_matrix:
  rows: 3
  cols: 3
  data:
  - 1.0
  - 0.0
  - 0.0
  - 0.0
  - 1.0
  - 0.0
  - 0.0
  - 0.0
  - 1.0
projection_matrix:
  rows: 3
  cols: 4
  data:
  - 1214.2833827061525
  - 0.0
  - 630.1538087265739
  - 0.0
  - 0.0
  - 1214.2051180711649
  - 354.3874127876291
  - 0.0
  - 0.0
  - 0.0
  - 1.0
  - 0.0
